DMSP 5D-2 F14 (USA 131) 
1 24753U 97012A   19137.51334273  .00000062  00000-0  55086-4 0  9995
2 24753  99.0319 143.9783 0007722 247.7465 112.2889 14.15837590142294
NOAA 15                 
1 25338U 98030A   19137.48889917  .00000077  00000-0  51269-4 0  9997
2 25338  98.7490 158.8094 0009935 343.0629  17.0218 14.25907871 92664
DMSP 5D-3 F15 (USA 147) 
1 25991U 99067A   19137.55022576 -.00000074  00000-0 -14548-4 0  9999
2 25991  98.9156 102.1372 0010305 144.5011 327.6821 14.16529299  4255
METEOSAT-8 (MSG-1)      
1 27509U 02040B   19136.94420573  .00000126  00000-0  00000+0 0  9991
2 27509   6.0383  55.7049 0002505 355.4158 204.4776  1.00272610 61295
DMSP 5D-3 F16 (USA 172) 
1 28054U 03048A   19137.53816314 -.00000088  00000-0 -23364-4 0  9996
2 28054  98.8641 114.0587 0006443 270.7545 199.4505 14.13690634803810
NOAA 18                 
1 28654U 05018A   19137.33342952  .00000104  00000-0  81309-4 0  9991
2 28654  99.0989 183.8126 0013169 268.0820  91.8843 14.12423755720945
METEOSAT-9 (MSG-2)      
1 28912U 05049B   19137.22377595  .00000006  00000-0  00000+0 0  9996
2 28912   3.6012  71.2986 0002219 337.2789 269.9407  1.00268507 49124
HIMAWARI-7 (MTSAT-2)    
1 28937U 06004A   19137.18024524 -.00000255  00000-0  00000+0 0  9998
2 28937   0.0315 152.7206 0003494 253.2081  38.5424  1.00273513 48408
FORMOSAT-3 FM6          
1 29047U 06011A   19137.62065222  .00000004  00000-0  17915-4 0  9997
2 29047  71.9786 199.8986 0049607  24.4025 335.9444 14.28675262684660
FORMOSAT-3 FM1          
1 29048U 06011B   19137.34853482  .00000048  00000-0  35356-4 0  9997
2 29048  71.9655 111.8299 0044267 341.3864  18.5651 14.28628514687098
FORMOSAT-3 FM5          
1 29049U 06011C   19137.86238758  .00000047  00000-0  34866-4 0  9992
2 29049  72.0200 280.1765 0034718  11.0586 349.1305 14.28716338682958
FORMOSAT-3 FM3          
1 29050U 06011D   19137.39242972  .00000169  00000-0  46048-4 0  9995
2 29050  72.0149 107.7716 0051035 324.4890  35.2869 14.58796365698521
FORMOSAT-3 FM4          
1 29051U 06011E   19137.45016687  .00000106  00000-0  57047-4 0  9997
2 29051  72.0048 183.8242 0070139 251.8798 107.4691 14.28743293685480
FORMOSAT-3 FM2          
1 29052U 06011F   19137.75776384  .00000051  00000-0  36049-4 0  9996
2 29052  72.0349 256.2159 0040951 332.0633  27.8305 14.28840983683856
GOES 13                 
1 29155U 06018A   19137.42652549 -.00000296  00000-0  00000+0 0  9992
2 29155   0.2727 284.3276 0012554 138.3971 265.9228  1.00275321 47560
METOP-A                 
1 29499U 06044A   19137.15721844  .00000047  00000-0  40958-4 0  9991
2 29499  98.5771 191.2684 0000767  46.6483 340.3324 14.21533196652449
DMSP 5D-3 F17 (USA 191) 
1 29522U 06050A   19137.51986892 -.00000059  00000-0 -80291-5 0  9991
2 29522  98.8223 154.4352 0009171 221.6943 138.3531 14.14007123646635
FENGYUN 3A              
1 32958U 08026A   19137.68382669  .00000014  00000-0  26309-4 0  9991
2 32958  98.3805 139.6679 0009820  51.3555 308.8491 14.18601574568577
FENGYUN 2E              
1 33463U 08066A   19135.79701966 -.00000216  00000-0  00000+0 0  9992
2 33463   3.5318  69.2044 0003773 259.5339 278.1438  1.00275506 38125
NOAA 19                 
1 33591U 09005A   19137.52656112  .00000064  00000-0  59856-4 0  9991
2 33591  99.1789 127.8742 0014982 107.5233 252.7576 14.12351418529372
GOES 14                 
1 35491U 09033A   19137.44198285 -.00000105  00000-0  00000+0 0  9995
2 35491   0.2143 103.5581 0006459 123.5803  62.3883  1.00270763 36200
METEOR-M 1              
1 35865U 09049A   19137.86898128  .00000025  00000-0  29904-4 0  9995
2 35865  98.4119 137.4843 0001094 266.1873  93.9181 14.22195098501556
DMSP 5D-3 F18 (USA 210) 
1 35951U 09057A   19137.49223392  .00000085  00000-0  67623-4 0  9990
2 35951  98.6200 136.3899 0012244  64.8013 295.4429 14.13190468493945
GOES 15                 
1 36411U 10008A   19137.48313542  .00000044  00000-0  00000+0 0  9992
2 36411   0.1457 101.0152 0001946 341.7094 197.6966  1.00268641 33718
COMS 1                  
1 36744U 10032A   19137.39224178 -.00000356  00000-0  00000+0 0  9991
2 36744   0.0422  87.5428 0000321 321.9533  94.6287  1.00274617 32706
FENGYUN 3B              
1 37214U 10059A   19137.85160969  .00000019  00000-0  32852-4 0  9991
2 37214  98.9972 109.5922 0016457 314.9703  45.0139 14.15915073441558
SUOMI NPP               
1 37849U 11061A   19136.87068025 -.00000001  00000-0  20091-4 0  9994
2 37849  98.7344  75.5077 0001009  63.1417   4.3042 14.19540281391226
FENGYUN 2F              
1 38049U 12002A   19137.81976443 -.00000367  00000-0  00000+0 0  9998
2 38049   1.1746  81.6828 0001924  91.4339 109.1567  1.00263747 26943
METEOSAT-10 (MSG-3)     
1 38552U 12035B   19137.29680573  .00000049  00000-0  00000+0 0  9997
2 38552   1.0136  19.6088 0000829  64.3051 266.9116  1.00276032 25274
METOP-B                 
1 38771U 12049A   19136.92217593  .00000005  00000-0  22206-4 0  9991
2 38771  98.7058 196.7037 0002090  78.3411 279.9113 14.21488178345540
FENGYUN 3C              
1 39260U 13052A   19137.46944493 -.00000009  00000-0  16742-4 0  9999
2 39260  98.6057 197.4429 0009901 276.4062  83.5985 14.15866168292444
METEOR-M 2              
1 40069U 14037A   19137.81474296 -.00000051  00000-0 -42171-5 0  9994
2 40069  98.5538 184.1604 0005868   4.0592 356.0629 14.20661218251897
HIMAWARI-8              
1 40267U 14060A   19137.39477163 -.00000288  00000-0  00000+0 0  9999
2 40267   0.0114 267.0498 0001280 173.8521  76.6856  1.00269652 16917
FENGYUN 2G              
1 40367U 14090A   19134.65865691 -.00000315  00000-0  00000-0 0  9998
2 40367   1.1581 101.5862 0000955 276.1019 190.9312  1.00280985 16067
METEOSAT-11 (MSG-4)     
1 40732U 15034A   19137.29497376 -.00000009  00000-0  00000+0 0  9996
2 40732   0.8490 214.6256 0000667 192.3445 294.1981  1.00280200 14082
ELEKTRO-L 2             
1 41105U 15074A   19137.16654921 -.00000109  00000-0  00000+0 0  9993
2 41105   0.2780 111.3447 0002650 309.3181 309.8913  1.00271845 12575
HIMAWARI-9              
1 41836U 16064A   19137.82552201 -.00000286  00000-0  00000+0 0  9991
2 41836   0.0191  27.8617 0000958  43.4899 241.8184  1.00276488  9356
GOES 16                 
1 41866U 16071A   19137.42347222 -.00000261  00000-0  00000+0 0  9996
2 41866   0.0064  51.9081 0000856  29.8708 230.3133  1.00273467  9165
FENGYUN 4A              
1 41882U 16077A   19136.74337306 -.00000342  00000-0  00000-0 0  9997
2 41882   0.1270 290.6477 0004339 222.5964  93.1034  1.00265650  9025
CYGFM05                 
1 41884U 16078A   19137.05027419  .00000431  00000-0  24684-4 0  9992
2 41884  34.9574   8.0303 0015014  98.1661 262.0753 15.14381114133826
CYGFM04                 
1 41885U 16078B   19136.89053234  .00000448  00000-0  25233-4 0  9997
2 41885  34.9505   4.3565 0013342 103.7135 256.5062 15.14888427133843
CYGFM02                 
1 41886U 16078C   19136.88367368  .00000452  00000-0  25462-4 0  9992
2 41886  34.9597   5.8602 0014090 100.6152 259.6147 15.14890819133834
CYGFM01                 
1 41887U 16078D   19137.82745241  .00000407  00000-0  23534-4 0  9996
2 41887  34.9541   3.7379 0015510 107.0876 253.1535 15.14200262133932
CYGFM08                 
1 41888U 16078E   19137.79541679  .00000413  00000-0  23600-4 0  9993
2 41888  34.9512   1.3721 0014678 111.3585 248.8694 15.14607699133948
CYGFM06                 
1 41889U 16078F   19137.84890072  .00000414  00000-0  23479-4 0  9999
2 41889  34.9591 358.5355 0013081 109.8306 250.3816 15.14881565133980
CYGFM07                 
1 41890U 16078G   19136.83871651  .00000440  00000-0  24857-4 0  9991
2 41890  34.9530   4.0912 0012813 102.7022 257.5122 15.14880576133830
CYGFM03                 
1 41891U 16078H   19137.03128975  .00000431  00000-0  24390-4 0  9991
2 41891  34.9562   3.0348 0012297 103.6132 256.5950 15.14880640133869
FENGYUN 3D              
1 43010U 17072A   19138.02564038  .00000013  00000-0  26764-4 0  9998
2 43010  98.7118  77.8130 0002101 110.9103 311.4594 14.19720519 77942
NOAA 20                 
1 43013U 17073A   19137.52731305 -.00000019  00000-0  11734-4 0  9997
2 43013  98.7190  76.1760 0001372  70.2406 289.8918 14.19555035 77340
GOES 17                 
1 43226U 18022A   19137.48313542  .00000085  00000-0  00000+0 0  9993
2 43226   0.0059  71.7538 0002620 340.6653 219.2032  1.00273292  4482
FENGYUN 2H              
1 43491U 18050A   19137.88501690 -.00000139  00000-0  00000+0 0  9996
2 43491   1.5803 282.3041 0002225 238.5383 112.1064  1.00272530  3562
METOP-C                 
1 43689U 18087A   19137.11021098 -.00000044  00000-0  00000+0 0  9995
2 43689  98.7054 197.1904 0003112  69.1987 290.9549 14.21485587 27140
GEO-KOMPSAT-2A          
1 43823U 18100A   19137.24872542 -.00000356  00000-0  00000+0 0  9999
2 43823   0.0469 100.3396 0002276 330.5399  21.5563  1.00270153  1712
